alpha = 1.3 1 2.7 0.8
drag  = 4.08553575e-21   (CRN mean over 3 seeds)
grad  = -3.587764e-22 3.915446e-21 2.152234e-22 3.516958e-21   (h=0.05)
